,GRE Score,TOEFL Score,University Rating,SOP,LOR ,CGPA,Research,Chance of Admit 
292,302,99,2,1.0,2.0,7.97,0,0.56
24,336,119,5,4.0,3.5,9.8,1,0.97
338,323,108,5,4.0,4.0,8.74,1,0.81
150,334,114,4,4.0,4.0,9.43,1,0.93
275,322,110,3,3.5,3.0,8.96,1,0.78
80,312,105,3,2.0,3.0,8.02,1,0.5
348,302,99,1,2.0,2.0,7.25,0,0.57
133,323,112,5,4.0,4.5,8.78,0,0.79
231,319,106,3,3.5,2.5,8.33,1,0.74
324,315,104,3,3.0,2.5,8.33,0,0.67
288,314,104,4,5.0,5.0,9.02,0,0.82
139,318,109,1,3.5,3.5,9.12,0,0.78
218,324,110,4,3.0,3.5,8.97,1,0.84
333,319,108,3,3.0,3.5,8.54,1,0.71
16,317,107,3,4.0,3.0,8.7,0,0.66
20,312,107,3,3.0,2.0,7.9,1,0.64
345,316,98,1,1.5,2.0,7.43,0,0.49
335,325,111,4,4.0,4.5,9.11,1,0.83
91,299,97,3,5.0,3.5,7.66,0,0.38
109,304,103,5,5.0,4.0,8.64,0,0.68
83,322,115,5,4.0,4.5,9.36,1,0.92
310,320,104,3,3.0,3.5,8.74,1,0.76
76,327,112,3,3.0,3.0,8.72,1,0.74
259,331,119,4,5.0,4.5,9.34,1,0.9
357,301,104,2,3.5,3.5,7.89,1,0.68
213,333,119,5,5.0,4.5,9.78,1,0.96
282,312,106,3,4.0,3.5,8.79,1,0.81
359,321,107,2,2.0,1.5,8.44,0,0.81
372,336,119,4,4.5,4.0,9.62,1,0.95
308,312,108,3,3.5,3.0,8.53,0,0.69
65,325,112,4,3.5,3.5,8.92,0,0.55
304,313,106,2,2.5,2.0,8.43,0,0.62
118,296,99,2,3.0,3.5,7.28,0,0.47
129,333,118,5,5.0,5.0,9.35,1,0.92
159,297,100,1,1.5,2.0,7.9,0,0.52
237,329,114,5,4.5,5.0,9.19,1,0.86
74,314,106,3,3.0,5.0,8.9,0,0.74
192,322,114,5,4.5,4.0,8.94,1,0.86
270,306,105,2,2.5,3.0,8.22,1,0.72
119,327,104,5,3.0,3.5,8.84,1,0.71
204,298,105,3,3.5,4.0,8.54,0,0.69
256,309,99,3,4.0,4.0,8.56,0,0.76
347,299,94,1,1.0,1.0,7.34,0,0.42
355,317,106,2,2.0,3.5,8.12,0,0.73
34,331,112,5,4.0,5.0,9.8,1,0.94
196,306,105,2,3.0,2.5,8.26,0,0.73
269,308,108,4,4.5,5.0,8.34,0,0.77
230,313,104,3,4.0,4.5,8.65,0,0.73
258,326,102,4,5.0,5.0,8.76,1,0.77
181,305,107,2,2.5,2.5,8.42,0,0.71
363,306,103,2,2.5,3.0,8.36,0,0.69
40,308,110,3,3.5,3.0,8.0,1,0.46
199,313,107,3,4.0,4.5,8.69,0,0.72
399,333,117,4,5.0,4.0,9.66,1,0.95
313,301,100,3,3.5,3.0,8.04,0,0.67
278,308,103,2,3.0,3.5,8.49,0,0.66
388,296,97,2,1.5,2.0,7.8,0,0.49
350,318,107,3,3.0,3.5,8.27,1,0.74
30,300,97,2,3.0,3.0,8.1,1,0.65
225,296,99,2,2.5,2.5,8.03,0,0.61
140,329,110,2,4.0,3.0,9.15,1,0.84
342,308,106,3,3.0,3.0,8.24,0,0.58
13,307,109,3,4.0,3.0,8.0,1,0.62
184,316,106,2,2.5,4.0,8.32,0,0.72
300,309,106,2,2.5,2.5,8.0,0,0.62
50,313,98,3,2.5,4.5,8.3,1,0.76
358,314,105,2,2.5,2.0,7.64,0,0.7
98,332,119,4,5.0,4.5,9.24,1,0.9
268,327,113,4,4.5,5.0,9.14,0,0.83
351,325,110,4,3.5,4.0,8.67,1,0.73
200,317,103,3,2.5,3.0,8.54,1,0.73
303,323,107,3,3.5,3.5,8.55,1,0.73
193,336,118,5,4.5,5.0,9.53,1,0.94
84,340,115,5,4.5,4.5,9.45,1,0.94
276,329,113,5,5.0,4.5,9.45,1,0.89
124,301,106,4,2.5,3.0,8.47,0,0.57
228,318,112,3,4.0,3.5,8.67,0,0.71
394,329,111,4,4.5,4.0,9.23,1,0.89
180,300,104,3,3.5,3.0,8.16,0,0.71
113,320,110,2,4.0,3.5,8.56,0,0.72
128,326,112,3,3.5,3.0,9.1,1,0.84
160,315,103,1,1.5,2.0,7.86,0,0.57
101,312,105,2,2.5,3.0,8.12,0,0.64
297,320,120,3,4.0,4.5,9.11,0,0.86
104,326,112,3,3.5,3.0,9.05,1,0.74
215,330,116,5,5.0,4.5,9.36,1,0.93
331,311,105,2,3.0,2.0,8.12,1,0.73
197,310,106,2,3.5,2.5,8.33,0,0.73
319,327,113,4,3.5,3.0,8.69,1,0.8
387,307,105,2,2.0,3.5,8.1,0,0.53
398,312,103,3,3.5,4.0,8.78,0,0.67
154,326,108,3,3.0,3.5,8.89,0,0.8
389,320,108,3,3.5,4.0,8.44,1,0.76
131,303,105,5,5.0,4.5,8.65,0,0.77
171,334,117,5,4.0,4.5,9.07,1,0.89
28,295,93,1,2.0,2.0,7.2,0,0.46
307,325,112,4,4.0,4.0,9.0,1,0.8
373,321,109,3,3.0,3.0,8.54,1,0.79
41,316,105,2,2.5,2.5,8.2,1,0.49
81,340,120,4,5.0,5.0,9.5,1,0.96
370,310,103,2,2.5,2.5,8.24,0,0.72
211,328,110,4,5.0,4.0,9.14,1,0.82
164,329,111,4,4.5,4.0,9.01,1,0.81
222,324,113,4,4.5,4.0,8.79,0,0.76
356,327,109,3,3.5,4.0,8.77,1,0.79
32,338,118,4,3.0,4.5,9.4,1,0.91
92,298,98,2,4.0,3.0,8.03,0,0.34
146,315,105,3,2.0,2.5,8.48,0,0.75
267,314,107,3,3.0,3.5,8.17,1,0.73
67,316,107,2,3.5,3.5,8.64,1,0.57
97,331,120,3,4.0,4.0,8.96,1,0.86
105,316,110,3,4.0,4.5,8.78,1,0.69
241,317,103,2,2.5,2.0,8.15,0,0.65
367,311,98,1,1.0,2.5,7.46,0,0.57
18,318,110,3,4.0,3.0,8.8,0,0.63
208,305,106,2,3.0,3.0,8.16,0,0.64
123,308,108,3,3.5,3.5,8.22,0,0.61
141,332,118,2,4.5,3.5,9.36,1,0.9
362,338,115,5,4.5,5.0,9.23,1,0.91
286,336,118,5,4.5,4.0,9.19,1,0.92
214,331,117,4,4.5,5.0,9.42,1,0.94
381,319,105,3,3.0,3.5,8.67,1,0.73
332,308,106,3,3.5,2.5,8.21,1,0.75
309,308,110,4,3.5,3.0,8.6,0,0.7
366,320,104,3,3.5,4.5,8.34,1,0.74
261,312,104,3,3.5,4.0,8.09,0,0.71
163,317,105,3,3.5,3.0,8.56,0,0.68
330,327,113,3,3.5,3.0,8.66,1,0.8
143,340,120,4,4.5,4.0,9.92,1,0.97
147,326,114,3,3.0,3.0,9.11,1,0.83
2,316,104,3,3.0,3.5,8.0,1,0.72
320,317,106,3,4.0,3.5,8.5,1,0.75
396,325,107,3,3.0,3.5,9.11,1,0.84
121,334,119,5,4.5,4.5,9.48,1,0.94
316,298,101,2,1.5,2.0,7.86,0,0.54
249,321,111,3,3.5,4.0,8.83,1,0.77
57,298,99,2,4.0,2.0,7.6,0,0.46
195,307,107,2,3.0,3.5,8.52,1,0.78
243,325,114,3,3.5,3.0,9.04,1,0.76
175,320,111,4,4.5,3.5,8.87,1,0.85
79,294,93,1,1.5,2.0,7.36,0,0.46
253,335,115,4,4.5,4.5,9.68,1,0.93
336,319,110,3,3.0,2.5,8.79,0,0.72
25,340,120,5,4.5,4.5,9.6,1,0.94
250,320,104,3,3.0,2.5,8.57,1,0.74
148,339,116,4,4.0,3.5,9.8,1,0.96
137,316,100,2,1.5,3.0,8.16,1,0.71
232,312,107,2,2.5,3.5,8.27,0,0.69
127,319,112,3,2.5,2.0,8.71,1,0.78
31,327,103,3,4.0,4.0,8.3,1,0.74
14,311,104,3,3.5,2.0,8.2,1,0.61
110,305,108,5,3.0,3.0,8.48,0,0.61
17,319,106,3,4.0,3.0,8.0,1,0.65
48,321,110,3,3.5,5.0,8.85,1,0.82
157,309,104,2,2.0,2.5,8.26,0,0.65
226,306,110,2,3.5,4.0,8.45,0,0.63
52,334,116,4,4.0,3.0,8.0,1,0.78
392,326,112,4,4.0,3.5,9.12,1,0.84
23,334,119,5,5.0,4.5,9.7,1,0.95
189,324,112,5,5.0,5.0,9.08,1,0.88
55,320,103,3,3.0,3.0,7.7,0,0.64
75,329,114,2,2.0,4.0,8.56,1,0.72
384,340,113,4,5.0,5.0,9.74,1,0.96
361,334,116,4,4.0,3.5,9.54,1,0.93
170,312,101,2,2.5,3.5,8.04,1,0.68
89,316,109,4,4.5,3.5,8.76,1,0.74
64,325,111,3,3.0,3.5,8.7,0,0.52
103,317,104,2,4.5,4.0,8.47,0,0.57
262,308,103,2,2.5,4.0,8.36,1,0.7
165,322,110,5,4.5,4.0,8.97,0,0.78
7,308,101,2,3.0,4.0,7.9,0,0.68
248,324,110,3,3.5,4.0,8.87,1,0.8
8,302,102,1,2.0,1.5,8.0,0,0.5
10,325,106,3,3.5,4.0,8.4,1,0.52
364,313,102,3,3.5,4.0,8.9,1,0.77
277,320,101,2,2.5,3.0,8.62,0,0.7
36,299,106,2,4.0,4.0,8.4,0,0.64
328,324,112,4,4.0,3.5,8.77,1,0.8
322,314,107,2,2.5,4.0,8.27,0,0.72
12,328,112,4,4.0,4.5,9.1,1,0.78
368,298,92,1,2.0,2.0,7.88,0,0.51
56,316,102,3,2.0,3.0,7.4,0,0.64
344,295,96,2,1.5,2.0,7.34,0,0.47
38,304,105,1,3.0,1.5,7.5,0,0.52
6,321,109,3,3.0,4.0,8.2,1,0.75
176,329,119,4,4.5,4.5,9.16,1,0.9
293,312,98,1,3.5,3.0,8.18,1,0.64
9,323,108,3,3.5,3.0,8.6,0,0.45
349,313,101,3,2.5,3.0,8.04,0,0.62
169,311,99,2,2.5,3.0,7.98,0,0.65
53,324,112,4,4.0,2.5,8.1,1,0.72
287,324,114,5,5.0,4.5,9.08,1,0.89
223,308,109,2,3.0,4.0,8.45,0,0.71
19,303,102,3,3.5,3.0,8.5,0,0.62
240,296,101,1,2.5,3.0,7.68,0,0.6
183,314,110,3,4.0,4.0,8.8,0,0.75
158,306,106,2,2.0,2.5,8.14,0,0.61
244,314,107,2,2.5,4.0,8.56,0,0.63
340,312,107,3,3.0,3.0,8.46,1,0.75
296,310,107,3,3.5,3.5,8.67,0,0.76
47,339,119,5,4.5,4.0,9.7,0,0.89
285,331,116,5,4.0,4.0,9.26,1,0.93
44,326,113,5,4.5,4.0,9.4,1,0.91
168,293,97,2,2.0,4.0,7.8,1,0.64
279,304,102,2,3.0,4.0,8.73,0,0.67
327,295,101,2,2.5,2.0,7.86,0,0.69
273,312,99,1,1.0,1.5,8.01,1,0.52
339,324,107,5,3.5,4.0,8.66,1,0.81
125,300,100,3,2.0,3.0,8.66,1,0.64
35,320,110,5,5.0,5.0,9.2,1,0.88
224,305,105,2,3.0,2.0,8.23,0,0.67
106,329,111,4,4.5,4.5,9.18,1,0.87
274,315,100,1,2.0,2.5,7.95,0,0.58
190,324,111,5,4.5,4.0,9.16,1,0.9
174,321,111,4,4.0,4.0,8.97,1,0.87
376,297,96,2,2.5,2.0,7.43,0,0.34
209,301,104,3,3.5,4.0,8.12,1,0.68
66,327,114,3,3.0,3.0,9.02,0,0.61
70,332,118,5,5.0,5.0,9.64,1,0.94
284,340,112,4,5.0,4.5,9.66,1,0.94
166,302,102,3,3.5,5.0,8.33,0,0.65
59,311,104,2,2.0,2.0,8.3,0,0.42
312,311,107,4,4.5,4.5,9.0,1,0.78
260,327,108,5,5.0,3.5,9.13,1,0.87
314,305,105,2,3.0,4.0,8.13,0,0.66
306,323,110,3,4.0,3.5,9.1,1,0.79
374,315,105,2,2.0,2.5,7.65,0,0.39
191,323,110,5,4.0,5.0,8.98,1,0.87
386,302,101,2,2.5,3.5,7.96,0,0.46
29,310,99,2,1.5,2.0,7.3,0,0.54
265,313,102,3,2.5,2.5,8.68,0,0.71
78,296,95,2,3.0,2.0,7.54,1,0.44
142,331,115,5,4.0,3.5,9.44,1,0.92
383,300,100,3,3.0,3.5,8.26,0,0.62
397,330,116,4,5.0,4.5,9.45,1,0.91
210,325,108,4,4.5,4.0,9.06,1,0.79
130,339,114,5,4.0,4.5,9.76,1,0.96
272,294,95,1,1.5,1.5,7.64,0,0.49
382,324,110,4,4.5,4.0,9.15,1,0.82
156,315,105,3,2.0,2.5,8.34,0,0.7
315,308,104,2,2.5,3.0,8.07,0,0.65
49,327,111,4,3.0,4.0,8.4,1,0.78
201,315,110,2,3.5,3.0,8.46,1,0.72
254,321,114,4,4.0,5.0,9.12,0,0.85
202,340,120,5,4.5,4.5,9.91,1,0.97
51,312,100,2,1.5,3.5,7.9,1,0.56
266,312,105,2,2.0,2.5,8.45,0,0.72
86,315,106,3,4.5,3.5,8.42,0,0.72
90,318,106,2,4.0,4.0,7.92,1,0.64
107,338,117,4,3.5,4.5,9.46,1,0.91
162,318,109,3,3.0,3.0,8.5,0,0.67
152,321,112,5,5.0,5.0,9.06,1,0.86
283,321,111,3,2.5,3.0,8.9,1,0.8
305,321,109,3,3.5,3.5,8.8,1,0.74
323,305,102,2,2.0,2.5,8.18,0,0.62
369,301,98,1,2.0,3.0,8.03,1,0.67
216,322,112,4,4.5,4.5,9.26,1,0.91
317,300,99,1,1.0,2.5,8.01,0,0.58
198,311,104,3,4.5,4.5,8.43,0,0.7
365,330,114,4,4.5,3.0,9.17,1,0.86
229,324,111,4,3.0,3.0,9.01,1,0.82
188,331,115,5,4.5,3.5,9.36,1,0.93
291,300,102,2,1.5,2.0,7.87,0,0.56
326,299,100,3,2.0,2.0,8.02,0,0.63
108,331,116,5,5.0,5.0,9.38,1,0.93
185,327,113,4,4.5,4.5,9.11,1,0.89
22,328,116,5,5.0,5.0,9.5,1,0.94
233,304,100,2,2.5,3.5,8.07,0,0.64
